# 2021-春《计算智能》第1次作业实验报告

张展鹏（20210240045）

## 0. 数据解析

`iris.dat`混合了输入数据集和输出答案，我做了解析，分离了二者。

## 1. Fuzzy Clustering

### 1.1. 初始类中心*（随机生成）*

```
(5.825100, 3.009156, 3.810974, 1.190100)
(5.838064, 3.051959, 3.734742, 1.192877)
(5.831263, 3.114359, 3.669225, 1.190287)
```

### 1.2. 迭代数目*（随初始情形变化而变化）*

```
80
```

### 1.3. 样本聚类结果、类中心和错误率

因为我的输入是随机生成的，另外，样本数目高达150，所以不在这里详细列出了。

我打印了随机化输入的样本->聚类对应关系，**请验证**。

#### 1.3.1. 打乱的样本聚类结果

上列随机化样本的聚类结果是：

```
0    2
1    0
2    1
3    1
4    1
..  ..
145  1
146  0
147  1
148  2
149  0
```

类标签不跟输入一一对应，只反映相对分类关系。可以结合`rank_table`验证。

#### 1.3.2. 聚类中心

聚类结果的类中心如下：

```
(6.775011, 3.052382, 5.646782, 2.053547)
(5.888932, 2.761069, 4.363952, 1.397315)
(5.003966, 3.414089, 1.482816, 0.253546)
```

#### 1.3.3. 错误率

```
16/150 = 10.67%
```

## 2. Spectral Clustering

谱聚类结果见下列输出。

错误率是：

```
45/150 = 30.00%
```

## 附：主程序运行打印结果

```bash
$ python __main__.py
###### The shuffled input data frame is as follows: ######
       0    1    2    3
0    5.2  4.1  1.5  0.1
1    6.8  3.0  5.5  2.1
2    6.3  2.7  4.9  1.8
3    6.2  2.2  4.5  1.5
4    6.3  2.8  5.1  1.5
..   ...  ...  ...  ...
145  5.6  2.8  4.9  2.0
146  6.9  3.1  5.1  2.3
147  5.6  2.5  3.9  1.1
148  4.3  3.0  1.1  0.1
149  7.0  3.2  4.7  1.4

[150 rows x 4 columns]

##############################
###### Fuzzy Clustering ######
##############################

###### The randomly selected center points of the clusters are as follows: ######
          0         1         2         3
0    5.8251  3.009156  3.810974    1.1901
1  5.838064  3.051959  3.734742  1.192877
2  5.831263  3.114359  3.669225  1.190287

###### After 80 iteration(s), the clustering results are as follows: ######
     0
0    2
1    0
2    1
3    1
4    1
..  ..
145  1
146  0
147  1
148  2
149  0

[150 rows x 1 columns]

###### The center points of the clusters are as follows: ######
          0         1         2         3
0  6.775011  3.052382  5.646782  2.053547
1  5.888932  2.761069  4.363952  1.397315
2  5.003966  3.414089  1.482816  0.253546

###### The clustering accuracy of fuzzy clustering is: ######
134/150 == 0.8933333333333333

#################################
###### Spectral Clustering ######
#################################
###### The adjacency matrix is as follows: ######
          0         1         2         3         4    ...       145       146       147       148       149
0         0.0  4.875449  4.197618  3.945884  4.221374  ...   4.12553  4.657252  3.078961  1.476482  3.997499
1    4.875449       0.0  0.888819  1.536229       0.9  ...  1.360147  0.469042  2.291288  5.441507       1.1
2    4.197618  0.888819       0.0  0.714143  0.374166  ...  0.734847       0.9  1.421267  4.628175  0.969536
3    3.945884  1.536229  0.714143       0.0    0.8544  ...  1.063015  1.516575  0.984886  4.215448       1.3
4    4.221374       0.9  0.374166    0.8544       0.0  ...  0.883176  1.044031  1.476482  4.690416  0.905539
..        ...       ...       ...       ...       ...  ...       ...       ...       ...       ...       ...
145   4.12553  1.360147  0.734847  1.063015  0.883176  ...       0.0  1.382027  1.378405  4.447471  1.587451
146  4.657252  0.469042       0.9  1.516575  1.044031  ...  1.382027       0.0   2.22036  5.254522  0.994987
147  3.078961  2.291288  1.421267  0.984886  1.476482  ...  1.378405   2.22036       0.0  3.283291  1.783255
148  1.476482  5.441507  4.628175  4.215448  4.690416  ...  4.447471  5.254522  3.283291       0.0  4.688283
149  3.997499       1.1  0.969536       1.3  0.905539  ...  1.587451  0.994987  1.783255  4.688283       0.0

[150 rows x 150 columns]

###### The KNN adjacency matrix is as follows: ######
[[1. 0. 0. ... 0. 0. 0.]
 [0. 1. 0. ... 0. 0. 0.]
 [0. 0. 1. ... 0. 0. 0.]
 ...
 [0. 0. 0. ... 1. 0. 0.]
 [0. 0. 0. ... 0. 1. 0.]
 [0. 0. 0. ... 0. 0. 1.]]

###### The normalized Laplacian matrix is as follows: ######
[[0.71520562 0.         0.         ... 0.         0.         0.        ]
 [0.         0.80818549 0.         ... 0.         0.         0.        ]
 [0.         0.         0.81136424 ... 0.         0.         0.        ]
 ...
 [0.         0.         0.         ... 0.83625298 0.         0.        ]
 [0.         0.         0.         ... 0.         0.72062717 0.        ]
 [0.         0.         0.         ... 0.         0.         0.71650893]]

###### The sc_output are as follows: ######
[0 1 1 2 2 1 2 2 0 2 2 0 2 0 0 0 2 0 1 1 0 0 0 1 2 0 0 2 1 1 0 2 1 2 0 1 2
 0 2 0 2 2 0 2 1 1 0 0 1 2 2 2 0 0 1 2 1 2 0 1 0 0 1 0 2 1 0 0 2 1 1 0 1 1
 1 1 1 1 0 2 2 0 2 1 0 1 1 2 0 0 1 0 2 2 2 1 0 1 0 1 0 0 1 1 1 2 2 1 2 0 0
 0 0 2 1 2 2 2 0 0 0 2 2 1 1 0 0 1 2 2 2 2 1 1 1 1 2 2 2 1 2 0 2 0 2 2 2 1
 0 2]

###### The clustering accuracy of spectral clustering is: ######
105/150
```

> 参考材料
> https://blog.csdn.net/lyxleft/article/details/88964494
> https://blog.csdn.net/zghydx1924/article/details/89436940
2021年4月18日